0	0,5,5	10
25	0,5,4	9
67	0,5,5	10
219	0,4,5	6
236	0,5,5	10
356	0,4,5	6
464	0,5,5	10
656	0,5,4	9
748	1,5,5	32
1099	1,4,5	25
1105	1,4,4	23
1143	1,3,4	16
1143	1,4,4	23
1223	1,4,5	25
1263	1,5,5	32
1412	1,4,5	25
1448	1,4,4	23
1539	1,5,4	30
1567	1,5,5	32
1633	1,5,4	30
1656	1,5,3	28
1695	1,4,3	21
1695	1,4,4	23
1776	1,5,5	32
2255	1,5,4	30
2375	1,5,5	32
2479	1,4,5	25
2480	1,4,4	23
2480	1,5,4	30
2600	1,5,5	32
2702	1,5,4	30
2907	1,4,4	23
2907	1,3,4	16
2997	1,3,5	18
3027	1,4,5	25
3110	1,5,5	32
3184	1,5,4	30
3303	1,5,5	32
3344	1,4,5	25
3433	1,5,5	32
3595	1,5,6	34
