0.0
274.0
394.0
754.0
759.0
791.0
977.0
1035.0
1097.0
1155.0
1263.0
1422.0
1522.0
1542.0
1642.0
2026.0
2262.0
2303.0
2310.0
2423.0
2430.0
2637.0
2757.0
2824.0
2944.0
2958.0
3074.0
3171.0
3194.0
3339.0
3372.0
3492.0
3570.0

0.5
0.506511612438132
0.499834130063137
0.484036710217302
0.003523600763097
0.017032401357948
0.023300338005404
0.009198733135551
0.005636916452852
0.024296345753448
0.000636738636347
0.00071011910361
0.002069026597884
0.000830026094059
0.00104160785954
0.040393232802169
0.001876502354553
0.000345500950409
0.00003.0589437356
0.000393231060119
0.002135958325046
0.000487459610072
0.02677774560308
0.002607664109937
0.003008213653874
9.4519116396e-05
0.000138930538148
0.003229514592451
0.003471880993137
0.00013187161952
0.000178937583738
0.000149030974246
0.004213247629817